Games played: 100
Wins: 39
Ties: 18
Lost: 43

Player choices:
0 1 4 2 0 1 3 3 2 4 1 0 2 3 3 1 4 4 0 2 3 4 4 1 0 3 2 2 1 4 0 0 3 2 1 4 4 0 3 1 3 3 4 4 1 0 3 4 2 1 0 0 3 1 4 2 2 1 3 4 4 3 0 0 1 2 0 0 3 4 4 1 0 3 4 1 2 0 4 3 2 2 1 4 0 0 0 3 1 2 4 2 2 2 1 1 3 4 0 1 

Computer choices:
1 2 2 0 2 3 3 3 0 1 0 0 3 3 4 0 4 2 3 0 0 2 1 3 1 4 2 2 2 1 1 0 0 4 4 1 1 4 4 4 3 4 0 1 4 4 2 0 3 2 1 2 0 4 1 3 3 3 1 2 1 3 3 0 0 3 2 0 2 2 3 3 1 0 1 1 4 3 4 1 1 3 2 1 3 0 0 2 1 3 1 3 2 3 4 3 0 3 1 4 

Games played: 100
Wins: 44
Ties: 15
Lost: 41

Player choices:
0 1 3 0 4 2 3 1 0 0 4 3 2 1 0 4 1 1 1 0 0 3 2 4 1 0 0 3 1 4 2 0 3 3 4 4 1 1 2 0 0 1 1 3 1 1 1 3 2 2 0 4 1 3 4 0 4 0 4 3 3 1 2 0 3 4 0 3 2 2 2 1 3 2 2 1 0 4 3 1 0 2 4 3 1 0 3 4 3 3 2 1 0 1 2 4 3 0 0 0 

Computer choices:
0 0 4 3 2 3 1 4 2 1 4 4 2 2 4 1 0 4 3 2 1 1 0 3 2 3 1 2 4 1 3 1 0 3 0 0 1 1 2 4 2 0 2 3 3 2 3 2 3 4 4 1 2 2 4 2 3 3 1 1 1 3 2 1 1 2 1 3 3 1 1 4 2 3 0 0 2 0 4 4 0 3 4 1 2 1 4 3 4 2 2 4 1 3 4 3 2 3 0 2 

Games played: 100
Wins: 40
Ties: 15
Lost: 45

Player choices:
0 4 4 3 2 1 3 4 4 3 2 0 4 0 0 1 1 2 3 4 0 0 1 2 3 2 4 0 1 3 2 3 4 4 4 0 0 0 3 3 3 2 1 4 4 0 1 2 3 4 0 3 3 2 4 4 1 1 0 1 2 3 4 4 4 0 1 3 4 0 4 0 4 4 3 1 2 0 0 4 3 4 1 0 1 2 3 4 0 1 3 4 1 2 0 0 0 0 4 1 

Computer choices:
1 0 0 1 1 0 3 0 2 3 4 2 3 2 1 4 0 2 4 0 3 1 2 3 2 1 0 4 1 0 0 3 4 1 1 3 2 3 4 4 0 2 2 2 1 1 1 2 0 4 4 1 0 0 2 1 4 4 0 3 0 0 1 4 3 1 1 0 0 3 2 1 2 1 1 3 0 2 2 2 4 1 4 4 2 4 2 3 1 3 0 1 1 4 2 2 3 4 1 1 

Games played: 100
Wins: 32
Ties: 22
Lost: 46

Player choices:
0 1 2 3 2 4 4 0 4 1 2 0 0 3 4 1 2 0 4 3 0 1 2 0 4 3 0 1 2 4 0 3 1 0 4 2 3 3 4 0 0 1 3 4 2 0 1 4 3 0 3 4 0 3 2 2 1 4 0 3 2 1 1 0 4 4 3 0 1 2 0 3 4 0 1 2 3 0 4 1 1 2 4 3 1 1 0 1 2 2 4 4 0 3 2 2 0 0 4 1 

Computer choices:
3 4 1 2 0 0 3 3 3 1 4 0 1 4 0 3 4 4 1 3 1 3 4 4 1 2 4 2 4 4 0 3 4 0 3 2 4 1 4 2 1 1 0 1 1 0 3 4 4 3 2 1 0 3 3 1 1 0 2 2 3 0 3 1 0 4 4 4 2 0 4 3 4 1 2 0 4 1 3 1 0 4 1 1 4 4 0 3 0 4 2 2 0 2 1 0 3 2 3 1 

Games played: 100
Wins: 43
Ties: 12
Lost: 45

Player choices:
0 1 4 4 3 3 1 2 2 2 4 3 1 1 1 1 0 0 3 4 2 1 0 1 4 2 3 1 0 0 0 4 1 0 2 3 2 1 0 1 1 0 1 2 3 4 0 1 2 3 1 0 2 4 4 1 0 4 3 2 2 1 0 4 1 0 3 3 2 2 1 3 3 0 1 2 2 0 0 0 0 3 3 4 1 0 2 3 2 3 3 4 4 0 0 1 1 2 1 3 

Computer choices:
0 1 1 1 1 4 2 1 1 0 0 2 2 4 3 2 2 2 1 3 2 0 2 4 3 4 2 1 2 3 2 4 0 1 1 0 3 0 4 4 1 1 1 4 2 2 0 3 1 0 1 1 2 2 1 3 1 3 2 3 2 2 4 3 2 1 1 4 3 2 2 1 0 4 2 1 0 2 3 2 1 4 2 0 2 1 1 0 4 4 4 0 2 2 4 4 4 4 2 1 

Games played: 100
Wins: 35
Ties: 18
Lost: 47

Player choices:
0 1 1 2 3 3 4 0 1 2 3 4 4 0 1 3 4 2 0 0 1 3 4 2 0 0 1 4 4 0 3 0 0 4 1 2 2 3 0 1 4 4 0 2 3 1 4 4 0 4 4 1 3 3 2 0 1 4 3 3 1 0 1 2 2 1 0 3 1 4 0 2 3 1 0 4 4 3 3 1 0 3 1 4 2 2 0 3 4 1 4 0 3 0 0 4 1 0 2 3 

Computer choices:
4 4 4 3 4 3 2 4 3 2 0 2 4 1 3 4 3 1 2 3 1 0 3 4 4 1 2 0 4 4 2 3 2 2 4 0 0 4 1 1 0 1 1 2 0 1 3 1 1 2 1 1 4 1 1 0 1 3 1 4 0 3 3 3 0 0 4 3 2 4 1 3 0 2 1 2 1 1 2 2 1 3 2 1 1 0 0 3 2 1 1 1 2 3 2 3 1 1 3 0 

Games played: 100
Wins: 41
Ties: 14
Lost: 45

Player choices:
0 1 2 1 0 0 3 4 1 3 0 1 1 2 3 4 0 1 1 2 1 0 3 0 4 0 1 2 3 0 1 1 2 4 3 4 1 0 2 2 4 2 0 1 3 3 3 2 2 2 4 4 1 0 2 3 1 0 1 4 4 1 2 2 2 1 3 1 0 4 1 0 1 2 3 1 0 0 0 3 4 3 2 4 0 0 1 1 4 3 2 1 3 3 4 0 0 4 0 1 

Computer choices:
0 1 2 3 3 1 4 2 0 0 4 4 3 4 3 1 4 2 3 4 2 3 4 3 0 1 2 1 0 4 3 4 2 2 2 1 4 4 3 1 2 2 1 3 4 1 2 1 1 4 2 4 1 0 3 0 1 4 2 2 1 3 0 4 3 0 0 2 1 3 0 0 4 4 0 2 1 3 1 1 2 1 3 2 2 3 4 4 4 2 4 2 1 0 2 0 2 1 2 1 